0 121 KenyaEthiopia_IBLIunits_May2014 POLY_ID
1 5        0.199164067
1 2         0.20527038
1 9        0.214989828
1 4        0.274123528
2 1         0.20527038
2 4        0.244033796
2 5        0.255678137
2 3        0.259781224
3 8        0.112708408
3 13        0.136288403
3 4        0.149056086
3 14        0.212062619
4 5        0.108329228
4 3        0.149056086
4 2        0.244033796
4 10        0.246207267
5 4        0.108329228
5 1        0.199164067
5 3         0.25438195
5 2        0.255678137
6 9        0.375223468
6 1        0.423888632
6 77        0.468137432
6 2        0.589947337
7 12         0.23206151
7 10        0.233908253
7 14        0.395861356
7 13        0.457319548
8 3        0.112708408
8 13         0.12702348
8 14        0.220106824
8 4        0.252513228
9 1        0.214989828
9 5        0.274508199
9 6        0.375223468
9 4        0.382465215
10 12        0.153883725
10 14          0.2262407
10 7        0.233908253
10 3        0.244202608
11 9        0.389955969
11 62        0.400825987
11 12        0.404240099
11 5        0.455723739
12 10        0.153883725
12 7         0.23206151
12 4        0.272623561
12 5        0.297112538
13 14       0.0932612344
13 8         0.12702348
13 3        0.136288403
13 10        0.252260849
14 13       0.0932612344
14 3        0.212062619
14 8        0.220106824
14 10          0.2262407
15 24        0.330433187
15 20        0.381591632
15 65        0.395228392
15 23        0.413696112
16 31        0.303998677
16 24        0.311119129
16 23        0.345999615
16 34         0.44960777
17 66        0.288625778
17 18        0.607420327
17 25         0.62770906
17 29        0.708372738
18 67         0.24402533
18 66        0.434447353
18 20        0.526642104
18 17        0.607420327
19 23        0.366677251
19 98         0.49428658
19 15        0.507429705
19 21        0.543762804
20 67        0.376822254
20 15        0.381591632
20 65        0.409055607
20 21        0.525003956
21 20        0.525003956
21 19        0.543762804
21 18        0.655497506
21 67        0.707442925
22 25        0.576387825
22 100        0.648541399
22 21        0.778427766
22 18          1.1423543
23 16        0.345999615
23 19        0.366677251
23 15        0.413696112
23 34        0.414860553
24 16        0.311119129
24 15        0.330433187
24 31        0.436559176
24 65        0.480421031
25 22        0.576387825
25 17         0.62770906
25 18        0.689703583
25 21        0.716245926
26 29        0.349873935
26 27        0.620396871
26 17        0.919707017
26 28           0.966758
27 29        0.277419271
27 28        0.349965034
27 69        0.461018744
27 26        0.620396871
28 69        0.122371794
28 27        0.349965034
28 68        0.589765915
28 29        0.618125665
29 27        0.277419271
29 26        0.349873935
29 28        0.618125665
29 17        0.708372738
30 59        0.431416514
30 35        0.584013742
30 32         0.61232897
30 60        0.763930169
31 32        0.276077752
31 16        0.303998677
31 24        0.436559176
31 57        0.552585989
32 31        0.276077752
32 16        0.566382696
32 24        0.589534462
32 30         0.61232897
33 57        0.434304757
33 34        0.582550996
33 101        0.801198298
33 31        0.922767056
34 23        0.414860553
34 16         0.44960777
34 57        0.536581739
34 33        0.582550996
35 62        0.474572657
35 60        0.545757825
35 30        0.584013742
35 59        0.671463263
36 47        0.405390532
36 43        0.444241717
36 50        0.460800299
36 53        0.493897323
37 43        0.411820491
37 44        0.462134708
37 53        0.533441572
37 36        0.537481702
38 52        0.142364874
38 42        0.440969367
38 45        0.567086042
38 40        0.594721342
39 46        0.253202022
39 51        0.332467725
39 48        0.388755806
39 49        0.421324829
40 42         0.21869185
40 45         0.28876653
40 47        0.402703848
40 41        0.417815795
41 45        0.131988196
41 50        0.215169202
41 42        0.278843001
41 40        0.417815795
42 45        0.159411818
42 40         0.21869185
42 41        0.278843001
42 52        0.298965477
43 50         0.36019656
43 37        0.411820491
43 36        0.444241717
43 41         0.57363614
44 53        0.395120586
44 96        0.420157182
44 37        0.462134708
44 91        0.587204909
45 41        0.131988196
45 42        0.159411818
45 40         0.28876653
45 50        0.339636716
46 39        0.253202022
46 49        0.310603144
46 47         0.32530414
46 51        0.329793568
47 51        0.256975441
47 46         0.32530414
47 40        0.402703848
47 36        0.405390532
48 39        0.388755806
48 49        0.499264599
48 99        0.544531624
48 46        0.568134289
49 46        0.310603144
49 39        0.421324829
49 48        0.499264599
49 53        0.501355667
50 41        0.215169202
50 45        0.339636716
50 43         0.36019656
50 36        0.460800299
51 47        0.256975441
51 46        0.329793568
51 39        0.332467725
51 40        0.426303549
52 38        0.142364874
52 42        0.298965477
52 45        0.426489788
52 40        0.464424969
53 44        0.395120586
53 36        0.493897323
53 49        0.501355667
53 37        0.533441572
54 119        0.350112324
54 55        0.352679737
54 91        0.427796734
54 56        0.553815818
55 54        0.352679737
55 91        0.369063885
55 89        0.501678392
55 56        0.516765856
56 55        0.516765856
56 54        0.553815818
56 109        0.604174905
56 118        0.737376846
57 33        0.434304757
57 34        0.536581739
57 31        0.552585989
57 32        0.659814526
58 61        0.410996308
58 63        0.437713333
58 77         0.57619938
58 60        0.663339284
59 30        0.431416514
59 60        0.485658949
59 35        0.671463263
59 57        0.757863533
60 59        0.485658949
60 35        0.545757825
60 63        0.552595966
60 62        0.577608662
61 58        0.410996308
61 106        0.480298317
61 79        0.692682455
61 107        0.728773999
62 63        0.283098898
62 11        0.400825987
62 35        0.474572657
62 60        0.577608662
63 62        0.283098898
63 58        0.437713333
63 11        0.480442063
63 60        0.552595966
64 71        0.801547736
64 68         1.30442077
64 69         1.51529511
64 28         1.60830889
65 15        0.395228392
65 20        0.409055607
65 24        0.480421031
65 67        0.494488975
66 17        0.288625778
66 18        0.434447353
66 67        0.595897053
66 68        0.678210855
67 18         0.24402533
67 20        0.376822254
67 65        0.494488975
67 66        0.595897053
68 69        0.469910947
68 28        0.589765915
68 66        0.678210855
68 71        0.685497638
69 28        0.122371794
69 27        0.461018744
69 68        0.469910947
69 29        0.719055235
70 28        0.844148132
70 69        0.903271906
70 27        0.933029042
70 71        0.953762769
71 68        0.685497638
71 69        0.735113211
71 64        0.801547736
71 28        0.816167394
72 76        0.515918516
72 75        0.587234775
72 80        0.754337804
72 78         0.76066641
73 86        0.307840122
73 74        0.568553822
73 80        0.646380244
73 78         0.64875576
74 84        0.399796813
74 86        0.494190816
74 105        0.544763458
74 73        0.568553822
75 80         0.49453627
75 83        0.534180829
75 72        0.587234775
75 85        0.742211115
76 72        0.515918516
76 82         0.71478987
76 81        0.822281987
76 78        0.891132887
77 6        0.468137432
77 9        0.529248136
77 63        0.567130132
77 58         0.57619938
78 86         0.37109595
78 82         0.43156988
78 73         0.64875576
78 84        0.698081789
79 84        0.555554675
79 77        0.659939681
79 87        0.677145818
79 88        0.687570271
80 75         0.49453627
80 83         0.61534153
80 73        0.646380244
80 72        0.754337804
81 75        0.747971081
81 72        0.775546661
81 76        0.822281987
81 85         1.07760818
82 78         0.43156988
82 76         0.71478987
82 86        0.802665806
82 72        0.859227573
83 85          0.4429828
83 75        0.534180829
83 80         0.61534153
83 72         1.10663194
84 74        0.399796813
84 88        0.400387411
84 79        0.555554675
84 86        0.612403425
85 83          0.4429828
85 75        0.742211115
85 80         1.02033429
85 81         1.07760818
86 73        0.307840122
86 78         0.37109595
86 74        0.494190816
86 84        0.612403425
87 88        0.280260663
87 84        0.618886655
87 79        0.677145818
87 6        0.724124349
88 87        0.280260663
88 84        0.400387411
88 79        0.687570271
88 78        0.781271112
89 94        0.365272096
89 55        0.501678392
89 96        0.508403544
89 91        0.533316881
90 101         0.61099695
90 93        0.619049218
90 98        0.622311975
90 95        0.740543605
91 96        0.313836655
91 55        0.369063885
91 54        0.427796734
91 89        0.533316881
92 99        0.360626827
92 48        0.612745004
92 93        0.644675773
92 90        0.749866786
93 90        0.619049218
93 92        0.644675773
93 100         0.68697603
93 99        0.939038201
94 89        0.365272096
94 95        0.447793365
94 97        0.664066789
94 55        0.788662106
95 94        0.447793365
95 101        0.453279821
95 90        0.740543605
95 89         0.81110173
96 91        0.313836655
96 44        0.420157182
96 89        0.508403544
96 53        0.555515298
97 99        0.406112244
97 49        0.613182263
97 48        0.646251361
97 94        0.664066789
98 19         0.49428658
98 90        0.622311975
98 100        0.640335237
98 23        0.714370466
99 92        0.360626827
99 97        0.406112244
99 48        0.544531624
99 90        0.798869637
100 98        0.640335237
100 22        0.648541399
100 93         0.68697603
100 21        0.739858269
101 95        0.453279821
101 90         0.61099695
101 98        0.730742529
101 34        0.790909317
102 103        0.169091085
102 109        0.516002532
102 104        0.547011117
102 107        0.567481159
103 102        0.169091085
103 109        0.346989565
103 104        0.658223739
103 107           0.699813
104 102        0.547011117
104 103        0.658223739
104 59        0.802562187
104 60        0.807679111
105 111        0.537805475
105 74        0.544763458
105 106        0.623573908
105 73        0.820448143
106 107        0.428480527
106 61        0.480298317
106 105        0.623573908
106 79        0.845642727
107 106        0.428480527
107 102        0.567481159
107 103           0.699813
107 61        0.728773999
108 107        0.769943862
108 56        0.894507714
108 103        0.920198609
108 102         0.93179671
109 103        0.346989565
109 102        0.516002532
109 56        0.604174905
109 55        0.933847563
110 111        0.539979127
110 114        0.762332227
110 120         0.90909997
110 105         1.07521343
111 105        0.537805475
111 110        0.539979127
111 73        0.942932923
111 108        0.950408807
112 113        0.509275078
112 117        0.683549466
112 121        0.698739289
112 116        0.800633384
113 112        0.509275078
113 119        0.510239064
113 118        0.595229682
113 115        0.726069649
114 115         0.58677457
114 120        0.682247083
114 110        0.762332227
114 121        0.802871866
115 118        0.482849119
115 114         0.58677457
115 113        0.726069649
115 119        0.772388022
116 117        0.384670005
116 121        0.410140851
116 112        0.800633384
116 120         1.07281057
117 116        0.384670005
117 112        0.683549466
117 121        0.685834444
117 113          1.1927834
118 119         0.33027645
118 115        0.482849119
118 54        0.582443259
118 113        0.595229682
119 118         0.33027645
119 54        0.350112324
119 113        0.510239064
119 91        0.701126557
120 114        0.682247083
120 121        0.852667101
120 110         0.90909997
120 116         1.07281057
121 116        0.410140851
121 117        0.685834444
121 112        0.698739289
121 114        0.802871866
